521
1178
1182
1299
1775
1980
2938
3384
5468
6059
6767
7294
8557
9087
9117
11704
11801
12209
12328
14252
14319
15584
18267
18543
19448
21540
23905
25413
26056
26232
26940
27355
27988
29470
29940
33246
34941
35225
35698
37465
38019
38065
39219
40451
40723
44263
45184
45482
47552
47564
47849
48175
50017
50220
53510
55552
57352
57927
61582
62426
63572
64416
66775
69055
71339
71878
75960
77377
81161
81564
83704
84357
85639
86443
86770
88167
88832
89029
91970
93963
94482
95798
96125
96269
97446
98382
98437
99140
99344
99703
