98987
98351
97721
97533
96722
96016
93424
92437
89188
88749
87555
87336
86617
85574
85325
84331
83815
82810
82401
82165
82140
81279
80490
80127
79007
78849
78120
77634
76552
76251
76239
76221
74767
74250
73955
73478
71376
70682
69808
68516
67914
66840
66056
64707
63510
61969
60555
58130
57622
56899
55706
54510
53529
51140
50473
47744
46558
45611
43910
43195
42283
41164
40534
40473
39278
39012
38515
38324
37504
37076
36470
35441
34190
32306
32152
31055
30904
30554
30411
26670
26489
25925
25729
24709
23543
22749
22450
21334
18225
17849
14488
13650
11116
5577
3741
2521
2020
1415
1069
210
