95798
88167
29470
96269
75960
40451
19448
81161
21540
1980
47849
40723
86443
39219
88832
1182
2938
35698
11801
34941
37465
98382
11704
61582
66775
8557
50017
3384
89029
38065
26056
1178
26232
71878
97446
18543
12328
33246
99703
50220
35225
47552
7294
38019
86770
96125
55552
6059
48175
83704
57352
85639
98437
69055
63572
81564
93963
29940
1299
99344
84357
27355
521
26940
15584
14319
45482
44263
47564
45184
94482
99140
9087
1775
53510
12209
14252
25413
18267
62426
9117
91970
64416
23905
77377
27988
5468
71339
57927
6767
