70682
42283
50473
87555
85574
66056
18225
31055
26670
82140
76239
37504
81279
85325
39278
51140
97533
53529
76552
32152
32306
2020
40473
96722
25925
17849
24709
47744
89188
98987
54510
76221
57622
21334
80127
43195
3741
98351
74250
30411
80490
66840
67914
78120
68516
23543
45611
82401
93424
38515
30904
25729
40534
71376
22450
82810
5577
63510
30554
11116
78849
1415
87336
36470
22749
83815
96016
26489
82165
86617
56899
79007
69808
41164
73478
38324
64707
35441
37076
58130
73955
84331
210
14488
55706
39012
13650
77634
2521
60555
88749
97721
61969
92437
34190
1069
76251
46558
43910
74767
