99703
99344
99140
98437
98382
97446
96269
96125
95798
94482
93963
91970
89029
88832
88167
86770
86443
85639
84357
83704
81564
81161
77377
75960
71878
71339
69055
66775
64416
63572
62426
61582
57927
57352
55552
53510
50220
50017
48175
47849
47564
47552
45482
45184
44263
40723
40451
39219
38065
38019
37465
35698
35225
34941
33246
29940
29470
27988
27355
26940
26232
26056
25413
23905
21540
19448
18543
18267
15584
14319
14252
12328
12209
11801
11704
9117
9087
8557
7294
6767
6059
5468
3384
2938
1980
1775
1299
1182
1178
521
