210
1069
1415
2020
2521
3741
5577
11116
13650
14488
17849
18225
21334
22450
22749
23543
24709
25729
25925
26489
26670
30411
30554
30904
31055
32152
32306
34190
35441
36470
37076
37504
38324
38515
39012
39278
40473
40534
41164
42283
43195
43910
45611
46558
47744
50473
51140
53529
54510
55706
56899
57622
58130
60555
61969
63510
64707
66056
66840
67914
68516
69808
70682
71376
73478
73955
74250
74767
76221
76239
76251
76552
77634
78120
78849
79007
80127
80490
81279
82140
82165
82401
82810
83815
84331
85325
85574
86617
87336
87555
88749
89188
92437
93424
96016
96722
97533
97721
98351
98987
